MeshAnim
1
66
65
30
0.9931559 0.1159404 0.01411532 0
-0.05015979 0.3142564 0.9480121 0
0.105477 -0.9422317 0.3179211 0
0.005436902 0.7042406 -0.04561736 1

0.9953613 0.01236597 0.09540988 0
-0.09288388 0.3819455 0.9195054 0
-0.0250708 -0.9241021 0.3813223 0
0.0002837004 0.7402865 0.02088896 1

0.9992982 -0.03227387 0.01901635 0
-0.004159298 0.4089141 0.9125634 0
-0.037228 -0.912002 0.4084928 0
-0.007932696 0.7740729 0.1022273 1

0.9953378 -0.07928506 -0.05492314 0
0.08405277 0.4337352 0.8971114 0
-0.04730544 -0.8975453 0.4383772 0
-0.008353185 0.8154123 0.1944836 1

0.9924368 -0.1035713 -0.06589455 0
0.09341767 0.2889677 0.9527701 0
-0.07963829 -0.9517196 0.2964575 0
0.00120636 0.8647422 0.2965144 1

0.9904584 0.08862293 -0.1055369 0
0.0771452 0.2780254 0.9574708 0
0.1141958 -0.9564767 0.2685358 0
0.007331605 0.8646398 0.3889276 1

0.9904584 0.08862293 -0.1055369 0
0.0771452 0.2780254 0.9574708 0
0.1141958 -0.9564767 0.2685358 0
0.02945838 0.923476 0.645993 1

-0.05537098 -0.9016309 0.4289469 0
-0.9499497 -0.08471688 -0.3006968 0
0.3074566 -0.4241278 -0.8518133 0
-0.04896532 0.8627781 0.2813976 1

0.5253113 -0.5366253 0.6603645 0
-0.778766 -0.6159275 0.1189831 0
0.3428872 -0.5767725 -0.7414591 0
-0.1374902 0.8548834 0.253376 1

0.480741 0.8646011 -0.1461264 0
0.8098149 -0.3738629 0.4521349 0
0.3362851 -0.3356952 -0.8798983 0
-0.2810301 0.7413574 0.2753066 1

0.7437175 -0.007861719 -0.6684479 0
0.6369623 -0.2951446 0.7121576 0
-0.2028877 -0.9554201 -0.2144965 0
-0.06489117 0.6415737 0.395981 1

0.4314486 -0.1835138 -0.8832751 0
0.7764436 -0.4229782 0.4671453 0
-0.4593338 -0.8873624 -0.04000515 0
-0.02460796 0.6213974 0.3942239 1

0.4859729 -0.07691485 -0.8705829 0
0.725745 -0.519496 0.451019 0
-0.4869545 -0.8510042 -0.1966403 0
0.006031876 0.6050942 0.4040457 1

0.2895457 0.01228458 -0.9570855 0
0.8509858 -0.4610381 0.2515298 0
-0.438163 -0.8872954 -0.1439454 0
0.02809864 0.5887317 0.4202125 1

0.2895457 0.01228458 -0.9570855 0
0.8509858 -0.4610381 0.2515298 0
-0.438163 -0.8872954 -0.1439454 0
0.04797814 0.5770408 0.4317645 1

0.6718665 0.02336333 -0.7403038 0
0.7405843 -0.005784199 0.6719384 0
0.01141659 -0.9997102 -0.0211886 0
0.02449413 0.6109545 0.4422745 1

0.6765006 0.02315276 -0.7360783 0
0.7363577 -0.00613074 0.6765647 0
0.01115154 -0.999713 -0.0211962 0
0.04823952 0.6107652 0.4640012 1

0.6774151 0.02319387 -0.7352353 0
0.7355451 -0.009028941 0.6774155 0
0.009073429 -0.9996901 -0.02317655 0
0.06978689 0.6105875 0.4837173 1

0.6774151 0.02319387 -0.7352353 0
0.7355451 -0.009028941 0.6774155 0
0.009073429 -0.9996901 -0.02317655 0
0.08849926 0.6103603 0.5008489 1

0.6622393 0.02640773 -0.7488271 0
0.7460821 0.06917413 0.662251 0
0.06928802 -0.9972551 0.02610748 0
0.008183358 0.6139921 0.462756 1

0.6672375 0.0270609 -0.7443535 0
0.7423342 0.05782936 0.6675296 0
0.06110937 -0.9979596 0.01849764 0
0.03421321 0.6164072 0.4859265 1

0.6723167 0.02685881 -0.7397761 0
0.7399072 -0.05539103 0.6704248 0
-0.0229702 -0.9981036 -0.05711316 0
0.05850029 0.618296 0.507591 1

0.6723167 0.02685881 -0.7397761 0
0.7399072 -0.05539103 0.6704248 0
-0.0229702 -0.9981036 -0.05711316 0
0.07995319 0.6166836 0.5271391 1

0.6912907 0.03169011 -0.7218814 0
0.7225389 -0.02008862 0.6910383 0
0.007397257 -0.9992958 -0.03678443 0
-0.006011481 0.6129905 0.4795988 1

0.6936775 0.03172442 -0.7195867 0
0.7202773 -0.0257344 0.6932086 0
0.003473349 -0.9991654 -0.04070176 0
0.01521651 0.6123993 0.4999259 1

0.6937442 0.0316655 -0.7195251 0
0.720001 -0.05521482 0.6917728 0
-0.01782313 -0.9979723 -0.06110409 0
0.03534964 0.6116832 0.5192249 1

0.6937442 0.0316655 -0.7195251 0
0.720001 -0.05521482 0.6917728 0
-0.01782313 -0.9979723 -0.06110409 0
0.05270047 0.6103493 0.5359483 1

0.7384672 0.01989365 -0.6739959 0
0.673796 -0.06000383 0.7364771 0
-0.02579125 -0.9979999 -0.05771512 0
-0.02776486 0.6114092 0.4882404 1

0.6946362 0.02388306 -0.7189648 0
0.7176629 -0.09164753 0.6903338 0
-0.04940416 -0.9955052 -0.08080174 0
-0.01062847 0.6098785 0.5070503 1

0.6981321 0.02296642 -0.7156004 0
0.7090509 -0.1607844 0.6865823 0
-0.09928918 -0.9867224 -0.1285331 0
0.005700025 0.6078006 0.5226685 1

0.6981321 0.02296642 -0.7156004 0
0.7090509 -0.1607844 0.6865823 0
-0.09928918 -0.9867224 -0.1285331 0
0.0185466 0.6048856 0.5351222 1

-0.07791735 0.8977106 -0.4336406 0
0.9414117 -0.07691049 -0.3283727 0
-0.3281352 -0.4338202 -0.8391228 0
0.04858393 0.8566131 0.2755655 1

0.388362 0.5427125 -0.7447403 0
0.8616922 -0.5003011 0.08476614 0
-0.3265907 -0.6746567 -0.6619491 0
0.1363132 0.8494459 0.2449648 1

0.5525319 -0.8170224 0.1648715 0
-0.7521238 -0.4034954 0.521058 0
-0.3591911 -0.4119049 -0.8374461 0
0.2949296 0.7573527 0.2605681 1

0.750703 -0.2045389 0.6281789 0
-0.6586971 -0.1588705 0.7354444 0
-0.05062777 -0.96588 -0.2539937 0
0.09416503 0.6496476 0.3996543 1

0.4984557 -0.2986994 0.8138309 0
-0.8156605 -0.4795972 0.3235503 0
0.2936669 -0.8250849 -0.4826954 0
0.04996094 0.6401441 0.3988955 1

0.6934773 -0.1568849 0.7031901 0
-0.6226777 -0.6214892 0.4754198 0
0.3624391 -0.7675534 -0.5286772 0
0.01769304 0.6250184 0.4051187 1

0.854746 -0.007950455 0.5189854 0
-0.4027357 -0.6409227 0.6534694 0
0.3274343 -0.7675643 -0.5510281 0
0.0003749877 0.6041873 0.4234896 1

0.854746 -0.007950455 0.5189854 0
-0.4027357 -0.6409227 0.6534694 0
0.3274343 -0.7675643 -0.5510281 0
-0.008513411 0.5868613 0.4423425 1

0.6951708 -0.2137562 0.6863281 0
-0.7180008 -0.2527271 0.64854 0
0.03482434 -0.9436299 -0.3291654 0
0.003128472 0.6408382 0.4498232 1

0.7059243 -0.2091748 0.6766956 0
-0.7003837 -0.3484805 0.622916 0
0.105517 -0.9136779 -0.3925032 0
-0.01939831 0.6328648 0.4702978 1

0.708191 -0.2081275 0.674647 0
-0.6970359 -0.3580754 0.6212274 0
0.1122801 -0.9102007 -0.3986581 0
-0.04023891 0.6225084 0.488803 1

0.708191 -0.2081275 0.674647 0
-0.6970359 -0.3580754 0.6212274 0
0.1122801 -0.9102007 -0.3986581 0
-0.05812724 0.613361 0.5046499 1

0.6948882 -0.214801 0.6862879 0
-0.7183831 -0.2504842 0.6489866 0
0.03250153 -0.9439906 -0.3283679 0
0.02014448 0.6370971 0.467549 1

0.7037632 -0.2112022 0.6783149 0
-0.7050467 -0.3250005 0.6303047 0
0.08733092 -0.9218289 -0.3776309 0
-0.004463771 0.6284877 0.4898635 1

0.7083318 -0.2084571 0.6743973 0
-0.6926348 -0.3894654 0.607103 0
0.1360996 -0.8971412 -0.4202552 0
-0.02712889 0.6180692 0.5100543 1

0.7083318 -0.2084571 0.6743973 0
-0.6926348 -0.3894654 0.607103 0
0.1360996 -0.8971412 -0.4202552 0
-0.04618574 0.6073591 0.5267466 1

0.6865966 -0.2230877 0.691966 0
-0.7264733 -0.1729849 0.6650662 0
-0.02866844 -0.9593268 -0.2808381 0
0.03454813 0.633595 0.4838903 1

0.6937296 -0.2210908 0.6854619 0
-0.7198651 -0.2433697 0.6500505 0
0.02310063 -0.9443994 -0.3279884 0
0.01250948 0.6283453 0.5040727 1

0.6956806 -0.2166649 0.684898 0
-0.716105 -0.2845123 0.6373748 0
0.05676529 -0.9338679 -0.3530845 0
-0.008616277 0.6212178 0.5231075 1

0.6956806 -0.2166649 0.684898 0
-0.716105 -0.2845123 0.6373748 0
0.05676529 -0.9338679 -0.3530845 0
-0.0275993 0.6136625 0.5400388 1

0.6708559 -0.2334051 0.7038995 0
-0.7128469 -0.4646481 0.5253111 0
0.2044555 -0.8541804 -0.4780939 0
0.05508227 0.6257004 0.4925771 1

0.6741688 -0.2313197 0.7014185 0
-0.7073939 -0.4752733 0.5231724 0
0.2123455 -0.8488855 -0.4840485 0
0.03602068 0.613252 0.506666 1

0.6724912 -0.2322701 0.7027137 0
-0.7084105 -0.4768943 0.5203139 0
0.2142669 -0.8477161 -0.4852498 0
0.0200172 0.6025316 0.5184462 1

0.6724912 -0.2322701 0.7027137 0
-0.7084105 -0.4768943 0.5203139 0
0.2142669 -0.8477161 -0.4852498 0
0.006383054 0.5933456 0.5284737 1

-0.8699332 0.4632618 0.1691296 0
-0.4869924 -0.7528311 -0.4428135 0
-0.07781256 -0.4675828 0.8805177 0
-0.08842609 0.6852417 -0.08813973 1

-0.8026997 0.5820515 0.1299596 0
0.2243506 0.4966125 -0.8384766 0
-0.552576 -0.6438884 -0.5292144 0
-0.2866468 0.3788166 -0.2683783 1

-0.8029013 0.4278202 0.415114 0
-0.5496532 -0.2617978 -0.7933118 0
-0.2307189 -0.8651195 0.4453505 0
-0.1843786 0.6051929 -0.6505902 1

-0.8242562 0.3194869 0.467472 0
-0.5413099 -0.6868022 -0.4850636 0
0.1660894 -0.6528636 0.7390423 0
-0.2507587 0.5735763 -0.7463963 1

-0.8242562 0.3194869 0.467472 0
-0.5413099 -0.6868022 -0.4850636 0
0.1660894 -0.6528636 0.7390423 0
-0.276253 0.5412297 -0.7692415 1

-0.8428974 -0.53474 -0.05980973 0
0.4979416 -0.7330722 -0.4633133 0
0.2039073 -0.4203072 0.8841739 0
0.102907 0.7021441 -0.08361919 1

-0.8809757 -0.4658225 -0.08301353 0
-0.2250046 0.5667741 -0.7925528 0
0.4162389 -0.6795412 -0.6041265 0
0.3057061 0.4035824 -0.272315 1

-0.8121472 -0.5650788 0.1452684 0
0.04558491 -0.309674 -0.9497494 0
0.5816692 -0.7647141 0.2772599 0
0.2031976 0.6617956 -0.6333894 1

-0.8685002 -0.4820471 0.1154904 0
0.2917448 -0.6854612 -0.6671041 0
0.4007398 -0.5456861 0.7359579 0
0.2085112 0.6256984 -0.744097 1

-0.8685002 -0.4820471 0.1154904 0
0.2917448 -0.6854612 -0.6671041 0
0.4007398 -0.5456861 0.7359579 0
0.2225561 0.5926995 -0.7762122 1

0.9926558 0.1207725 0.006963201 0
-0.04439469 0.3101369 0.9496548 0
0.1125326 -0.9429895 0.3132209 0
0.006344076 0.7057586 -0.04862046 1

0.9951789 0.01905855 0.09620662 0
-0.09613758 0.3836372 0.9184662 0
-0.01940382 -0.9232872 0.3836198 0
0.001526866 0.7415072 0.01807128 1

0.999457 -0.02636755 0.01976126 0
-0.007012837 0.4157661 0.9094446 0
-0.03219588 -0.9090893 0.4153554 0
-0.006977349 0.7754433 0.09931768 1

0.9957697 -0.0744376 -0.05386833 0
0.08153388 0.4455008 0.8915611 0
-0.04236729 -0.8921817 0.4496854 0
-0.007686315 0.8174754 0.1912586 1

0.9930784 -0.0992131 -0.06286789 0
0.09118257 0.3138236 0.9450928 0
-0.07403616 -0.9442836 0.3206979 0
0.001586748 0.8681434 0.2926582 1

0.9904791 0.08761042 -0.1061873 0
0.07507136 0.3028224 0.9500857 0
0.1153933 -0.9490115 0.2933622 0
0.007665273 0.8704438 0.385046 1

0.9904791 0.08761042 -0.1061873 0
0.07507136 0.3028224 0.9500857 0
0.1153933 -0.9490115 0.2933622 0
0.02926245 0.9359455 0.6405396 1

-0.05839036 -0.8949296 0.4423704 0
-0.9542852 -0.08008289 -0.2879702 0
0.2931393 -0.4389621 -0.8493419 0
-0.04857145 0.8657094 0.2775651 1

0.5028604 -0.4369774 0.7457764 0
-0.7860852 -0.5899895 0.1843436 0
0.3594461 -0.6789427 -0.6401839 0
-0.1375003 0.8582466 0.2507294 1

0.5322571 0.8155425 -0.2271414 0
0.7635722 -0.3465984 0.5448191 0
0.365596 -0.4634222 -0.8072047 0
-0.2823893 0.7495014 0.2847071 1

0.7546439 -0.1446396 -0.6399941 0
0.5911998 -0.2731883 0.7588491 0
-0.2845985 -0.9510249 -0.1206486 0
-0.07859257 0.6569946 0.4301188 1

0.4332388 -0.3039323 -0.8484866 0
0.7308598 -0.4324166 0.5280724 0
-0.5273981 -0.848906 0.03479235 0
-0.04029499 0.6332554 0.4317472 1

0.4517171 -0.1868923 -0.8723665 0
0.7017241 -0.5294048 0.4767751 0
-0.5509406 -0.8275279 -0.1079942 0
-0.01124963 0.6157117 0.4439803 1

0.2209371 -0.08578496 -0.9715083 0
0.8375202 -0.4937356 0.2340636 0
-0.4997472 -0.865371 -0.03723772 0
0.01012483 0.5992641 0.4609701 1

0.2209371 -0.08578496 -0.9715083 0
0.8375202 -0.4937356 0.2340636 0
-0.4997472 -0.865371 -0.03723772 0
0.03003833 0.5872826 0.4721602 1

0.6823586 -0.1138744 -0.722094 0
0.7265514 -0.0033843 0.6871042 0
-0.0806876 -0.9934896 0.08042653 0
0.006558666 0.6236601 0.4821613 1

0.6868874 -0.114066 -0.7177568 0
0.7222425 -0.002858296 0.6916343 0
-0.08094382 -0.9934694 0.08042025 0
0.02985095 0.6235665 0.5043738 1

0.68771 -0.1140177 -0.7169766 0
0.7213045 -0.004663065 0.6926028 0
-0.08231243 -0.9934681 0.07903497 0
0.05098674 0.6234762 0.524531 1

0.68771 -0.1140177 -0.7169766 0
0.7213045 -0.004663065 0.6926028 0
-0.08231243 -0.9934681 0.07903497 0
0.06933856 0.6233494 0.5420494 1

0.6703498 -0.1124543 -0.733475 0
0.7419081 0.08253075 0.6654036 0
-0.01429349 -0.9902239 0.1387555 0
-0.009859806 0.6302875 0.5016876 1

0.6750672 -0.1117243 -0.7292476 0
0.7374806 0.0751552 0.6711741 0
-0.02017988 -0.9908935 0.1331296 0
0.01602383 0.6331761 0.5249674 1

0.6801886 -0.1118033 -0.7244612 0
0.7255923 -0.03781055 0.6870857 0
-0.1042109 -0.9930111 0.05540543 0
0.04015366 0.6356117 0.5467525 1

0.6801886 -0.1118033 -0.7244612 0
0.7255923 -0.03781055 0.6870857 0
-0.1042109 -0.9930111 0.05540543 0
0.06118989 0.6345216 0.5667839 1

0.7037368 -0.1064028 -0.7024482 0
0.7063652 -0.001228057 0.707847 0
-0.07617959 -0.9943227 0.07429526 0
-0.02445988 0.6323411 0.5180826 1

0.706094 -0.1063062 -0.7000933 0
0.7035697 -0.006562233 0.7105964 0
-0.08013509 -0.994312 0.07016056 0
-0.00370758 0.6323069 0.5389034 1

0.706031 -0.106359 -0.7001487 0
0.7010974 -0.03451244 0.7122304 0
-0.09991626 -0.9937289 0.0502014 0
0.01596013 0.6321179 0.5586887 1

0.706031 -0.106359 -0.7001487 0
0.7010974 -0.03451244 0.7122304 0
-0.09991626 -0.9937289 0.0502014 0
0.03285426 0.6312889 0.5759051 1

0.7513101 -0.1154902 -0.6497658 0
0.652611 -0.01640788 0.7575161 0
-0.09814708 -0.9931734 0.06304312 0
-0.04645457 0.6336201 0.5261441 1

0.7086556 -0.1139588 -0.696291 0
0.6953121 -0.05475007 0.71662 0
-0.1197873 -0.991976 0.04043826 0
-0.02985888 0.633208 0.545489 1

0.7123181 -0.1147454 -0.6924137 0
0.6808221 -0.1267529 0.7213985 0
-0.1705428 -0.9852755 -0.01216687 0
-0.01403665 0.6319584 0.5617049 1

0.7123181 -0.1147454 -0.6924137 0
0.6808221 -0.1267529 0.7213985 0
-0.1705428 -0.9852755 -0.01216687 0
-0.001701917 0.6296618 0.5747896 1

-0.1000855 0.8882604 -0.4483043 0
0.9465195 -0.05390123 -0.3181126 0
-0.3067309 -0.4561671 -0.8353609 0
0.04901126 0.8600137 0.2718161 1

0.3735947 0.4454536 -0.8136328 0
0.8792973 -0.4494073 0.157701 0
-0.295404 -0.7743412 -0.5595821 0
0.1372165 0.8549907 0.2421714 1

0.6290513 -0.7384452 0.2428862 0
-0.6962736 -0.3962815 0.5984682 0
-0.3456845 -0.5455824 -0.763441 0
0.2990735 0.7722658 0.2712003 1

0.8049603 -0.09124476 0.5862709 0
-0.5919359 -0.1911687 0.7829858 0
0.04063341 -0.977307 -0.2078941 0
0.1132171 0.6664863 0.4309496 1

0.5353649 -0.223099 0.8146236 0
-0.7797115 -0.5013316 0.3751226 0
0.324707 -0.8359985 -0.442348 0
0.07035917 0.6522856 0.4334847 1

0.6532888 -0.130706 0.7457412 0
-0.6499938 -0.6019056 0.4639157 0
0.3882293 -0.7877981 -0.4781762 0
0.03913061 0.6358949 0.4415382 1

0.8000581 -0.01545933 0.5997234 0
-0.4832494 -0.6089796 0.6289787 0
0.3554957 -0.7930354 -0.4946896 0
0.02075791 0.6158088 0.4597132 1

0.8000581 -0.01545933 0.5997234 0
-0.4832494 -0.6089796 0.6289787 0
0.3554957 -0.7930354 -0.4946896 0
0.009568159 0.5993281 0.4780926 1

0.7540014 -0.1039081 0.6486024 0
-0.6487423 -0.2726732 0.7104809 0
0.1030319 -0.9564794 -0.2730055 0
0.02687454 0.650531 0.4872752 1

0.7636494 -0.09902629 0.6379918 0
-0.6237991 -0.3679668 0.6895472 0
0.1664766 -0.9245509 -0.34277 0
0.00653288 0.6419404 0.5096952 1

0.7655115 -0.09802315 0.6359119 0
-0.6202743 -0.3751418 0.6888602 0
0.1710329 -0.9217703 -0.3479765 0
-0.01203203 0.631002 0.5301825 1

0.7655115 -0.09802315 0.6359119 0
-0.6202743 -0.3751418 0.6888602 0
0.1710329 -0.9217703 -0.3479765 0
-0.02796027 0.6214098 0.5477628 1

0.7535336 -0.1050628 0.6489599 0
-0.6482295 -0.2831349 0.7068476 0
0.1094798 -0.9533083 -0.2814562 0
0.04523126 0.649527 0.5040014 1

0.7606826 -0.1015335 0.6411341 0
-0.631173 -0.3463634 0.6940123 0
0.1516 -0.9325898 -0.3275576 0
0.02303419 0.6398041 0.5282991 1

0.7645268 -0.0988073 0.6369743 0
-0.614917 -0.4081758 0.6747367 0
0.1933286 -0.9075404 -0.3728195 0
0.002736737 0.6286942 0.5505365 1

0.7645268 -0.0988073 0.6369743 0
-0.614917 -0.4081758 0.6747367 0
0.1933286 -0.9075404 -0.3728195 0
-0.01418302 0.6174682 0.5690893 1

0.7433737 -0.1141368 0.6590664 0
-0.6663872 -0.2113066 0.7150371 0
0.05765303 -0.970733 -0.2331389 0
0.06088687 0.6484115 0.5195069 1

0.7498688 -0.1117723 0.6520766 0
-0.6532446 -0.2811151 0.7030262 0
0.1047298 -0.9531429 -0.283814 0
0.04067155 0.6419997 0.5412055 1

0.7510097 -0.1071839 0.6515339 0
-0.646659 -0.3188639 0.6929344 0
0.1334793 -0.9417206 -0.3087811 0
0.02149711 0.633762 0.5617944 1

0.7510097 -0.1071839 0.6515339 0
-0.646659 -0.3188639 0.6929344 0
0.1334793 -0.9417206 -0.3087811 0
0.00435833 0.6252981 0.580199 1

0.7364888 -0.1211985 0.6655038 0
-0.6260439 -0.4947789 0.6027132 0
0.2562292 -0.860526 -0.4402744 0
0.08264801 0.6432043 0.5271737 1

0.7394013 -0.1189769 0.6626692 0
-0.6197221 -0.5049292 0.6008255 0
0.2631167 -0.8549219 -0.4470778 0
0.06591269 0.6299534 0.5433336 1

0.7379384 -0.1199781 0.6641178 0
-0.6206589 -0.5070794 0.598041 0
0.2650086 -0.8535079 -0.4486586 0
0.05188573 0.6185581 0.5568687 1

0.7379384 -0.1199781 0.6641178 0
-0.6206589 -0.5070794 0.598041 0
0.2650086 -0.8535079 -0.4486586 0
0.03994213 0.608792 0.5683928 1

-0.8467597 0.4758615 0.2378113 0
-0.5302574 -0.7190914 -0.449149 0
-0.04272464 -0.5064223 0.8612265 0
-0.08774951 0.6864712 -0.09049842 1

-0.7799297 0.5970553 0.1877101 0
0.1672966 0.487887 -0.8567253 0
-0.6030936 -0.6367822 -0.4804028 0
-0.3035803 0.3937792 -0.2733157 1

-0.7414525 0.4415293 0.5052726 0
-0.6417651 -0.2467563 -0.7261194 0
-0.1959238 -0.8626491 0.466316 0
-0.2273197 0.616178 -0.6638462 1

-0.7592937 0.3337402 0.5586509 0
-0.6082949 -0.6689983 -0.4271055 0
0.2311942 -0.6641228 0.7109786 0
-0.3048239 0.586378 -0.7515376 1

-0.7592937 0.3337402 0.5586509 0
-0.6082949 -0.6689983 -0.4271055 0
0.2311942 -0.6641228 0.7109786 0
-0.333473 0.5548699 -0.7716531 1

-0.8186918 -0.5655277 -0.0996097 0
0.5412012 -0.7019154 -0.4630507 0
0.1919505 -0.4330047 0.8807167 0
0.1035277 0.7042973 -0.08737818 1

-0.8513365 -0.5041218 -0.1452148 0
-0.1875338 0.5509438 -0.8131989 0
0.4899564 -0.6650732 -0.5635785 0
0.3239453 0.4184249 -0.275967 1

-0.7985123 -0.5948989 0.09205099 0
0.1210761 -0.3085054 -0.9434859 0
0.5896769 -0.7422399 0.3183734 0
0.2385079 0.6694261 -0.6464475 1

-0.8557772 -0.5140531 0.05826693 0
0.3614077 -0.6746147 -0.6436461 0
0.3701758 -0.5297593 0.7631025 0
0.2526211 0.6334651 -0.7564251 1

-0.8557772 -0.5140531 0.05826693 0
0.3614077 -0.6746147 -0.6436461 0
0.3701758 -0.5297593 0.7631025 0
0.2700197 0.6009884 -0.787411 1

0.991981 0.1263869 7.530674E-05 0
-0.03867959 0.3030195 0.952199 0
0.1203227 -0.9445663 0.3054782 0
0.006907674 0.7070084 -0.05200591 1

0.9949492 0.0255052 0.09708586 0
-0.09937204 0.3869945 0.9167117 0
-0.01419076 -0.9217292 0.3875743 0
0.002412908 0.7422469 0.01497918 1

0.9995546 -0.02066404 0.02153106 0
-0.01076263 0.4233198 0.9059164 0
-0.02783444 -0.9057447 0.4229088 0
-0.006377423 0.7764799 0.0960704 1

0.9962677 -0.06969313 -0.05092936 0
0.07726822 0.457031 0.8860881 0
-0.03847797 -0.8867162 0.4607103 0
-0.007465478 0.8192757 0.1876547 1

0.9936634 -0.09522367 -0.05971121 0
0.0888733 0.3404281 0.936061 0
-0.06880781 -0.9354363 0.3467338 0
0.001322443 0.871255 0.2884318 1

0.9903526 0.08546492 -0.109076 0
0.07506569 0.3307649 0.9407231 0
0.1164773 -0.9398354 0.3211583 0
0.007337591 0.8761513 0.3807225 1

0.9903526 0.08546492 -0.109076 0
0.07506569 0.3307649 0.9407231 0
0.1164773 -0.9398354 0.3211583 0
0.02894983 0.9491755 0.6341674 1

-0.06256162 -0.8881352 0.4553044 0
-0.9569871 -0.07611503 -0.2799687 0
0.2833056 -0.4532356 -0.8451719 0
-0.04879034 0.8683604 0.2732693 1

0.4751797 -0.3389266 0.8119934 0
-0.8021 -0.546228 0.2413941 0
0.3617184 -0.7660053 -0.5314092 0
-0.1379711 0.8612673 0.2471792 1

0.5951706 0.7508721 -0.2862925 0
0.7061974 -0.3187031 0.6322293 0
0.3834809 -0.578463 -0.7199463 0
-0.2858118 0.7605882 0.2916723 1

0.7608982 -0.2669168 -0.5914298 0
0.5358741 -0.2554714 0.8047195 0
-0.3658869 -0.9292416 -0.05135384 0
-0.09732838 0.6755266 0.4604137 1

0.4362121 -0.3999843 -0.8060591 0
0.6772888 -0.4438317 0.5867652 0
-0.592452 -0.8018891 0.0773003 0
-0.06144813 0.6487489 0.4657501 1

0.4243231 -0.2731931 -0.8633165 0
0.6678468 -0.5494222 0.5021116 0
-0.611499 -0.7896208 -0.05068122 0
-0.03427003 0.6300789 0.4803733 1

0.1648605 -0.1544901 -0.9741427 0
0.8129085 -0.5380469 0.2229031 0
-0.5585707 -0.8286366 0.03688364 0
-0.01391578 0.6131751 0.49815 1

0.1648605 -0.1544901 -0.9741427 0
0.8129085 -0.5380469 0.2229031 0
-0.5585707 -0.8286366 0.03688364 0
0.005682433 0.6004504 0.5090731 1

0.6915998 -0.2362068 -0.6825656 0
0.6999298 -0.0140981 0.7140725 0
-0.1782919 -0.9716007 0.155578 0
-0.01752397 0.6395965 0.5188145 1

0.6959424 -0.2364593 -0.6780496 0
0.6955525 -0.01277307 0.7183616 0
-0.1785243 -0.9715577 0.1555807 0
0.004910265 0.6391747 0.5418895 1

0.6966744 -0.2364196 -0.6773116 0
0.6946238 -0.01364484 0.719244 0
-0.1792855 -0.9715554 0.1547167 0
0.02526699 0.6387874 0.5628298 1

0.6966744 -0.2364196 -0.6773116 0
0.6946238 -0.01364484 0.719244 0
-0.1792855 -0.9715554 0.1547167 0
0.04294262 0.6384235 0.5810271 1

0.6788653 -0.2360328 -0.6952919 0
0.7264087 0.07775602 0.6828506 0
-0.1071121 -0.9686295 0.2242422 0
-0.03396272 0.649356 0.5369607 1

0.6833093 -0.235346 -0.6911592 0
0.7216048 0.07345266 0.6883977 0
-0.1112443 -0.9691324 0.2200179 0
-0.008620897 0.6520838 0.5608482 1

0.6883824 -0.2354228 -0.68608 0
0.6989675 -0.03747173 0.7141713 0
-0.1938411 -0.9711707 0.1387582 0
0.01499248 0.6544476 0.5831998 1

0.6883824 -0.2354228 -0.68608 0
0.6989675 -0.03747173 0.7141713 0
-0.1938411 -0.9711707 0.1387582 0
0.03525413 0.6533775 0.6040154 1

0.7134898 -0.2302364 -0.6617579 0
0.6803618 0.001936749 0.732874 0
-0.1674529 -0.9731329 0.158026 0
-0.04889712 0.6541386 0.5524612 1

0.7157373 -0.2301298 -0.6593637 0
0.677112 -0.002500914 0.7358757 0
-0.1709962 -0.9731568 0.1540337 0
-0.02890941 0.6541996 0.5740169 1

0.7155158 -0.2301782 -0.6595873 0
0.6726142 -0.02811648 0.7394592 0
-0.1887527 -0.9727425 0.1347034 0
-0.009979272 0.6541169 0.5945098 1

0.7155158 -0.2301782 -0.6595873 0
0.6726142 -0.02811648 0.7394592 0
-0.1887527 -0.9727425 0.1347034 0
0.006227006 0.6534471 0.6123816 1

0.759217 -0.2369912 -0.6061561 0
0.6263819 0.01315784 0.7794055 0
-0.1767366 -0.9714229 0.1584367 0
-0.07095962 0.6580611 0.5594072 1

0.7180846 -0.2370779 -0.6543308 0
0.6676804 -0.03059275 0.7438192 0
-0.196361 -0.9710091 0.1363243 0
-0.05503299 0.6584092 0.5793078 1

0.7218864 -0.2377719 -0.6498806 0
0.6461948 -0.1044183 0.7559957 0
-0.2476141 -0.9656923 0.07826896 0
-0.03983711 0.6576999 0.5961438 1

0.7218864 -0.2377719 -0.6498806 0
0.6461948 -0.1044183 0.7559957 0
-0.2476141 -0.9656923 0.07826896 0
-0.02813023 0.6558095 0.6098552 1

-0.1219301 0.8782527 -0.4623905 0
0.9502382 -0.03126224 -0.3099517 0
-0.2866715 -0.4771736 -0.8307377 0
0.0488335 0.8631236 0.2677883 1

0.3617958 0.3520683 -0.8632215 0
0.8960735 -0.3867972 0.2178079 0
-0.2572085 -0.8523119 -0.4554208 0
0.1373853 0.8602103 0.2389042 1

0.7027148 -0.6479856 0.2937806 0
-0.6333951 -0.3817099 0.6731332 0
-0.3240417 -0.6590997 -0.6786638 0
0.3023305 0.7890104 0.2789974 1

0.8535796 0.01639906 0.5207046 0
-0.5057113 -0.2139957 0.8357406 0
0.125134 -0.976697 -0.174369 0
0.1332581 0.6871204 0.458677 1

0.5775146 -0.1485791 0.8027461 0
-0.7367834 -0.5183554 0.4341176 0
0.3516072 -0.8421594 -0.4088283 0
0.09243186 0.6688263 0.4652671 1

0.6253432 -0.09981287 0.7739405 0
-0.6641762 -0.5887282 0.4607269 0
0.4096541 -0.8021451 -0.4344503 0
0.06245699 0.6513454 0.4754973 1

0.7522371 -0.01067443 0.6588064 0
-0.539718 -0.5835168 0.6068051 0
0.3779474 -0.8120313 -0.4447042 0
0.04350715 0.6318162 0.4936866 1

0.7522371 -0.01067443 0.6588064 0
-0.539718 -0.5835168 0.6068051 0
0.3779474 -0.8120313 -0.4447042 0
0.03068137 0.616034 0.5116044 1

0.809119 0.0009535253 0.5876445 0
-0.5633271 -0.2834381 0.7760965 0
0.1673008 -0.9589901 -0.2287979 0
0.05371699 0.6651522 0.5224953 1

0.8174068 0.005979769 0.5760301 0
-0.5316532 -0.3771627 0.7583493 0
0.2217918 -0.9261279 -0.3051159 0
0.03606847 0.6562331 0.5469742 1

0.8188747 0.006911501 0.5739312 0
-0.5282357 -0.3820757 0.7582781 0
0.224526 -0.9241053 -0.309221 0
0.02024209 0.6450189 0.5695086 1

0.8188747 0.006911501 0.5739312 0
-0.5282357 -0.3820757 0.7582781 0
0.224526 -0.9241053 -0.309221 0
0.006665038 0.6352415 0.5888697 1

0.8083016 -0.0003301129 0.5887688 0
-0.5601662 -0.308329 0.7688609 0
0.1812809 -0.9512798 -0.2494079 0
0.07333428 0.6667479 0.5376729 1

0.8138109 0.003030725 0.5811225 0
-0.5410938 -0.3607928 0.7596357 0
0.2119669 -0.9326414 -0.2919773 0
0.05416272 0.6561671 0.5640948 1

0.8168691 0.005656771 0.5767956 0
-0.5217957 -0.4189899 0.7430862 0
0.245875 -0.9079734 -0.3393083 0
0.03675323 0.6445882 0.5884413 1

0.8168691 0.005656771 0.5767956 0
-0.5217957 -0.4189899 0.7430862 0
0.245875 -0.9079734 -0.3393083 0
0.02239425 0.633064 0.6088747 1

0.7973236 -0.01026344 0.6034651 0
-0.5876564 -0.2411619 0.7723349 0
0.137606 -0.9704307 -0.1983153 0
0.09018917 0.6679071 0.5518621 1

0.8029842 -0.007630222 0.5959519 0
-0.5686275 -0.3093618 0.7622063 0
0.178549 -0.9509139 -0.2527513 0
0.07236293 0.6605899 0.5752988 1

0.8033408 -0.002860688 0.595513 0
-0.5600476 -0.3435999 0.7538475 0
0.2024617 -0.9391121 -0.2776298 0
0.05566736 0.6515209 0.5976244 1

0.8033408 -0.002860688 0.595513 0
-0.5600476 -0.3435999 0.7538475 0
0.2024617 -0.9391121 -0.2776298 0
0.04082826 0.6424034 0.6176438 1

0.7967439 -0.01402993 0.6041545 0
-0.5247057 -0.5120335 0.6800781 0
0.2998058 -0.8588513 -0.4153209 0
0.1129064 0.6652575 0.5578909 1

0.7992621 -0.01165372 0.6008698 0
-0.5171383 -0.5227119 0.6777466 0
0.3061836 -0.85243 -0.4238103 0
0.09888639 0.6515483 0.5761199 1

0.7980232 -0.01269855 0.6024931 0
-0.5181057 -0.5250669 0.6751825 0
0.3077754 -0.8509663 -0.4255947 0
0.08717285 0.6397465 0.5913948 1

0.7980232 -0.01269855 0.6024931 0
-0.5181057 -0.5250669 0.6751825 0
0.3077754 -0.8509663 -0.4255947 0
0.07720481 0.6296352 0.6044036 1

-0.8222888 0.4812498 0.3037104 0
-0.5689276 -0.6832479 -0.4577051 0
-0.01276099 -0.5491548 0.8356231 0
-0.0874017 0.6874865 -0.09328552 1

-0.7561162 0.6065404 0.2457587 0
0.1031787 0.4813146 -0.8704543 0
-0.6462529 -0.6328075 -0.4265118 0
-0.3189725 0.4093839 -0.2795854 1

-0.6714294 0.4549772 0.5849603 0
-0.7228946 -0.2283724 -0.6521271 0
-0.1631142 -0.8607218 0.4822362 0
-0.2719394 0.6287867 -0.676374 1

-0.6864675 0.347899 0.6385365 0
-0.6690953 -0.6460522 -0.3673264 0
0.2847354 -0.6793991 0.676271 0
-0.3592413 0.6012069 -0.7551297 1

-0.6864675 0.347899 0.6385365 0
-0.6690953 -0.6460522 -0.3673264 0
0.2847354 -0.6793991 0.676271 0
-0.3907539 0.5707795 -0.7724296 1

-0.7899073 -0.5962768 -0.1431801 0
0.5853478 -0.6635562 -0.4658982 0
0.1827962 -0.4518265 0.8731771 0
0.1037903 0.7063819 -0.09153216 1

-0.8137071 -0.541552 -0.2111926 0
-0.1425874 0.5381883 -0.8306758 0
0.5635155 -0.6458134 -0.5151461 0
0.3421876 0.4361322 -0.2812807 1

-0.7777615 -0.6276368 0.03404364 0
0.2012369 -0.2999498 -0.932488 0
0.5954753 -0.7184026 0.359593 0
0.2772271 0.6813222 -0.6597233 1

-0.8357462 -0.5491034 -0.003731348 0
0.4343387 -0.6568839 -0.6163228 0
0.3359737 -0.5167099 0.7874851 0
0.3006843 0.6463585 -0.7684189 1

-0.8357462 -0.5491034 -0.003731348 0
0.4343387 -0.6568839 -0.6163228 0
0.3359737 -0.5167099 0.7874851 0
0.3215939 0.6147354 -0.7980893 1

0.9911619 0.1325066 -0.00633749 0
-0.03306355 0.2930194 0.9555347 0
0.1284717 -0.94688 0.2948108 0
0.006760526 0.707655 -0.05577211 1

0.9947625 0.03115627 0.09734971 0
-0.1017602 0.3915094 0.9145302 0
-0.009619959 -0.9196466 0.3926294 0
0.002576015 0.742178 0.01160449 1

0.9996015 -0.01567401 0.02347469 0
-0.01442732 0.4310988 0.9021896 0
-0.02426083 -0.9021687 0.4307009 0
-0.006425568 0.7768105 0.09250273 1

0.9967395 -0.06551465 -0.04709993 0
0.07237633 0.4678948 0.8808157 0
-0.03566852 -0.8813527 0.4711109 0
-0.007884107 0.8203927 0.1837102 1

0.9941206 -0.09208249 -0.05696511 0
0.0871293 0.3679443 0.9257568 0
-0.06428601 -0.9252773 0.3738041 0
0.0003474476 0.8736076 0.2838877 1

0.9900907 0.08185265 -0.1141073 0
0.07724304 0.3611625 0.9292985 0
0.1172768 -0.9289037 0.351261 0
0.006330208 0.8812159 0.3759966 1

0.9900907 0.08185265 -0.1141073 0
0.07724304 0.3611625 0.9292985 0
0.1172768 -0.9289037 0.351261 0
0.02852992 0.962438 0.626883 1

-0.06779347 -0.8814616 0.4673648 0
-0.9585654 -0.07236594 -0.2755283 0
0.2766889 -0.4666786 -0.8400324 0
-0.04970429 0.8702927 0.2686101 1

0.448661 -0.2573207 0.8558561 0
-0.8290577 -0.4774339 0.2910682 0
0.3337167 -0.8401448 -0.4275396 0
-0.1390321 0.8635489 0.2429338 1

0.6746924 0.6652991 -0.3196374 0
0.6364731 -0.3051245 0.7083796 0
0.3737549 -0.6813785 -0.6293098 0
-0.2918416 0.7755497 0.2965826 1

0.7591903 -0.3721308 -0.533994 0
0.4696468 -0.2548143 0.8452823 0
-0.4506248 -0.8925184 -0.01868231 0
-0.1219675 0.6941122 0.4856486 1

0.4394936 -0.4636625 -0.7693262 0
0.6125451 -0.4717338 0.6342366 0
-0.6569889 -0.74999 0.07669047 0
-0.08912443 0.6644837 0.4943889 1

0.4073964 -0.3257312 -0.8531868 0
0.6194511 -0.5879048 0.5202392 0
-0.6710507 -0.740451 -0.03773553 0
-0.06420534 0.6443496 0.5109634 1

0.1270461 -0.1811861 -0.9752083 0
0.7754728 -0.5948856 0.2115505 0
-0.6184673 -0.783124 0.064927 0
-0.04535502 0.6263317 0.5292955 1

0.1270461 -0.1811861 -0.9752083 0
0.7754728 -0.5948856 0.2115505 0
-0.6184673 -0.783124 0.064927 0
-0.0264948 0.6123193 0.5399382 1

0.6965982 -0.3396721 -0.6319609 0
0.6592571 -0.04449203 0.7506006 0
-0.2830753 -0.9394913 0.1929384 0
-0.04887753 0.654527 0.5501562 1

0.7006642 -0.3401071 -0.6272141 0
0.6548484 -0.04247417 0.7545664 0
-0.2832738 -0.9394274 0.1929585 0
-0.02775305 0.6531409 0.5744 1

0.7013075 -0.3400945 -0.6265012 0
0.6540416 -0.04259497 0.7552587 0
-0.2835453 -0.9394265 0.1925641 0
-0.008584877 0.65188 0.5964007 1

0.7013075 -0.3400945 -0.6265012 0
0.6540416 -0.04259497 0.7552587 0
-0.2835453 -0.9394265 0.1925641 0
0.008061436 0.6507738 0.6155156 1

0.6839747 -0.3399767 -0.6454418 0
0.6979514 0.04756621 0.7145641 0
-0.2122341 -0.9392305 0.2698214 0
-0.06515294 0.6668616 0.5668213 1

0.6881406 -0.3394812 -0.641261 0
0.6929532 0.04545341 0.7195489 0
-0.215126 -0.9395142 0.2665229 0
-0.04080541 0.6685399 0.5918143 1

0.6930497 -0.3397435 -0.6358121 0
0.6579554 -0.06229971 0.7504759 0
-0.2945803 -0.9384527 0.1803593 0
-0.01812543 0.6699773 0.615188 1

0.6930497 -0.3397435 -0.6358121 0
0.6579554 -0.06229971 0.7504759 0
-0.2945803 -0.9384527 0.1803593 0
0.0009436635 0.6681941 0.6370547 1

0.7170425 -0.3358022 -0.6108088 0
0.6430237 -0.01953087 0.7655976 0
-0.2690191 -0.9417303 0.2019245 0
-0.08028425 0.6739489 0.5812085 1

0.719116 -0.3357651 -0.6083869 0
0.6395029 -0.02275218 0.7684523 0
-0.2718616 -0.9416713 0.1983615 0
-0.06139421 0.6733808 0.6037254 1

0.718725 -0.3357957 -0.6088319 0
0.6332121 -0.04556414 0.7726361 0
-0.2871889 -0.9408324 0.179882 0
-0.04351311 0.6727272 0.6251298 1

0.718725 -0.3357957 -0.6088319 0
0.6332121 -0.04556414 0.7726361 0
-0.2871889 -0.9408324 0.179882 0
-0.0282579 0.6716403 0.6438005 1

0.7597644 -0.3418165 -0.5531001 0
0.5932435 0.01625876 0.8048592 0
-0.2661216 -0.9396263 0.2151334 0
-0.102175 0.6803249 0.5867338 1

0.7206355 -0.3418879 -0.6031563 0
0.6326035 -0.03176645 0.7738246 0
-0.2837214 -0.939204 0.1933874 0
-0.08709319 0.6807577 0.6072804 1

0.7244546 -0.3426146 -0.5981483 0
0.6028634 -0.1058451 0.7907926 0
-0.3342482 -0.9334949 0.1298698 0
-0.07269308 0.680015 0.6248004 1

0.7244546 -0.3426146 -0.5981483 0
0.6028634 -0.1058451 0.7907926 0
-0.3342482 -0.9334949 0.1298698 0
-0.06177174 0.6780998 0.639142 1

-0.1431772 0.8680353 -0.4754107 0
0.9523877 -0.009806842 -0.3047321 0
-0.2691804 -0.496406 -0.8253019 0
0.0479597 0.8654593 0.2634855 1

0.3485941 0.2763064 -0.8956211 0
0.9131743 -0.3154172 0.2581175 0
-0.2111747 -0.9078364 -0.3622683 0
0.1367118 0.8645454 0.2350877 1

0.7768536 -0.5498672 0.3068302 0
-0.5563458 -0.3711534 0.7434549 0
-0.2949201 -0.7482591 -0.594248 0
0.3048048 0.8064849 0.2826009 1

0.8948287 0.1160893 0.431051 0
-0.3966831 -0.2361079 0.8870715 0
0.2047541 -0.9647677 -0.1652254 0
0.1562993 0.7074128 0.4810514 1

0.6276639 -0.07926679 0.7744387 0
-0.6808373 -0.538277 0.4967078 0
0.3774901 -0.8390321 -0.3918248 0
0.1183675 0.6854303 0.4921348 1

0.6200032 -0.06563152 0.7818497 0
-0.6561066 -0.5898246 0.4707775 0
0.4302563 -0.80486 -0.4087545 0
0.09005751 0.6667898 0.5047764 1

0.7238927 0.005146272 0.6898934 0
-0.5628672 -0.5738384 0.594887 0
0.3989488 -0.8189527 -0.4125006 0
0.07134734 0.6473678 0.523325 1

0.7238927 0.005146272 0.6898934 0
-0.5628672 -0.5738384 0.594887 0
0.3989488 -0.8189527 -0.4125006 0
0.05783052 0.6318837 0.5409934 1

0.8590114 0.09789725 0.5025096 0
-0.4574083 -0.2941127 0.8392116 0
0.229951 -0.9507439 -0.2078669 0
0.08605653 0.6797845 0.5530571 1

0.865631 0.1030546 0.4899624 0
-0.4194052 -0.3852394 0.8220038 0
0.2734641 -0.9170446 -0.2902533 0
0.07174592 0.670539 0.5795138 1

0.8667111 0.1039209 0.4878652 0
-0.4162839 -0.3881444 0.8222239 0
0.2748085 -0.915721 -0.2931483 0
0.05925582 0.6590823 0.6039429 1

0.8667111 0.1039209 0.4878652 0
-0.4162839 -0.3881444 0.8222239 0
0.2748085 -0.915721 -0.2931483 0
0.04853992 0.6491426 0.6249467 1

0.8579318 0.09647891 0.5046238 0
-0.449682 -0.3340161 0.8283837 0
0.248474 -0.9376168 -0.2431782 0
0.1068164 0.6837656 0.5661308 1

0.8618813 0.09968545 0.4972163 0
-0.4298243 -0.3766871 0.8205842 0
0.2690952 -0.9209616 -0.2818121 0
0.09143938 0.6723095 0.59459 1

0.8641042 0.1021966 0.4928288 0
-0.4081944 -0.4305437 0.8049908 0
0.2944516 -0.8967656 -0.3303182 0
0.07759815 0.6602153 0.6208972 1

0.8641042 0.1021966 0.4928288 0
-0.4081944 -0.4305437 0.8049908 0
0.2944516 -0.8967656 -0.3303182 0
0.06636334 0.6483724 0.643034 1

0.8474924 0.08552877 0.5238718 0
-0.486219 -0.2708549 0.8308004 0
0.2129504 -0.9588133 -0.1879616 0
0.1247876 0.6870114 0.578511 1

0.8521029 0.08841714 0.5158522 0
-0.4618503 -0.3366211 0.8205979 0
0.2462015 -0.9374801 -0.2460003 0
0.1100394 0.6787937 0.6037211 1

0.8516835 0.09339657 0.5156668 0
-0.4519263 -0.3672933 0.8129323 0
0.265326 -0.9254043 -0.2706091 0
0.09647249 0.6689225 0.6277612 1

0.8516835 0.09339657 0.5156668 0
-0.4519263 -0.3672933 0.8129323 0
0.265326 -0.9254043 -0.2706091 0
0.08450369 0.6591789 0.6493462 1

0.8507813 0.08491309 0.5186147 0
-0.4037728 -0.5260226 0.7485105 0
0.3363615 -0.8462212 -0.4132444 0
0.1481397 0.6867858 0.5822619 1

0.8528218 0.08749359 0.5148205 0
-0.3945508 -0.5378693 0.7450011 0
0.342089 -0.8384758 -0.4241859 0
0.1373593 0.6727055 0.60232 1

0.8518426 0.08639269 0.5166242 0
-0.3956757 -0.5401599 0.742744 0
0.3432273 -0.8371165 -0.4259476 0
0.1284112 0.6605569 0.6191174 1

0.8518426 0.08639269 0.5166242 0
-0.3956757 -0.5401599 0.742744 0
0.3432273 -0.8371165 -0.4259476 0
0.1208014 0.6501561 0.6334261 1

-0.8020211 0.476217 0.3605271 0
-0.5972595 -0.6460621 -0.4752738 0
0.00658948 -0.5965077 0.8025805 0
-0.08774865 0.687974 -0.09651576 1

-0.7406629 0.6019489 0.2984563 0
0.0308845 0.474246 -0.8798506 0
-0.6711668 -0.642455 -0.3698473 0
-0.3308513 0.4250071 -0.2899666 1

-0.6051949 0.4703298 0.6422845 0
-0.7839702 -0.2119398 -0.5835004 0
-0.138312 -0.8566632 0.4969893 0
-0.3167729 0.6411879 -0.6910385 1

-0.618673 0.3643553 0.6960527 0
-0.717706 -0.6225079 -0.3120615 0
0.3195969 -0.692625 0.6466288 0
-0.4114509 0.6155925 -0.7615063 1

-0.618673 0.3643553 0.6960527 0
-0.717706 -0.6225079 -0.3120615 0
0.3195969 -0.692625 0.6466288 0
-0.4452529 0.586274 -0.7762036 1

-0.7584073 -0.6238585 -0.1887308 0
0.6264994 -0.6178942 -0.4750847 0
0.1797699 -0.4785473 0.8594623 0
0.1033324 0.7080314 -0.09605467 1

-0.7700518 -0.5748637 -0.2766809 0
-0.08853933 0.5257803 -0.8460002 0
0.631808 -0.6269666 -0.4557759 0
0.3584898 0.4563788 -0.2895447 1

-0.7497206 -0.66127 -0.02532233 0
0.2838421 -0.2867704 -0.9149845 0
0.59779 -0.6931702 0.4026941 0
0.3181527 0.6959158 -0.6749689 1

-0.8081008 -0.5851899 -0.06727751 0
0.5079871 -0.6345187 -0.582525 0
0.2981988 -0.5049149 0.810024 0
0.3512388 0.6624884 -0.7816242 1

-0.8081008 -0.5851899 -0.06727751 0
0.5079871 -0.6345187 -0.582525 0
0.2981988 -0.5049149 0.810024 0
0.3756938 0.631942 -0.8096676 1

0.9902405 0.1388462 -0.01206737 0
-0.02760072 0.280241 0.9595328 0
0.1366093 -0.9498351 0.2813382 0
0.005777062 0.7074919 -0.05971091 1

0.9947216 0.03546237 0.0962885 0
-0.1024444 0.3967038 0.9122123 0
-0.00584881 -0.9172614 0.3982427 0
0.001891523 0.7411007 0.008144125 1

0.9996233 -0.01191257 0.02472822 0
-0.01699874 0.4386685 0.8984881 0
-0.02155079 -0.89857 0.4383007 0
-0.007170581 0.7761925 0.08883732 1

0.9971089 -0.06238142 -0.04338777 0
0.0679994 0.4777103 0.8758819 0
-0.03391197 -0.8762999 0.480571 0
-0.008889081 0.8205401 0.1796706 1

0.994389 -0.09024984 -0.05518756 0
0.08664724 0.395582 0.9143344 0
-0.06068733 -0.9139857 0.4011821 0
-0.001155329 0.8748714 0.279287 1

0.9896702 0.07650822 -0.1212424 0
0.08177965 0.3933318 0.9157524 0
0.1177511 -0.9162077 0.3830118 0
0.004881917 0.885233 0.3711234 1

0.9896702 0.07650822 -0.1212424 0
0.08177965 0.3933318 0.9157524 0
0.1177511 -0.9162077 0.3830118 0
0.02828743 0.9751483 0.6189163 1

-0.07392385 -0.8751168 0.4782318 0
-0.9594594 -0.06837414 -0.2734285 0
0.2719805 -0.4790568 -0.8345847 0
-0.05114798 0.8712075 0.2638959 1

0.431094 -0.1934022 0.8813365 0
-0.8582951 -0.3892295 0.3344104 0
0.2783662 -0.9006088 -0.3337905 0
-0.140559 0.8648359 0.2384154 1

0.7610746 0.5608156 -0.3259633 0
0.5546625 -0.302097 0.7752981 0
0.3363266 -0.7708589 -0.5409816 0
-0.2987576 0.7930942 0.300053 1

0.7579207 -0.4506797 -0.4716401 0
0.3900458 -0.2664448 0.8814034 0
-0.5228966 -0.8519949 -0.02615833 0
-0.1507186 0.7124647 0.5069793 1

0.459334 -0.4877595 -0.7423635 0
0.5383313 -0.5119135 0.6694359 0
-0.7065495 -0.7071319 0.02743687 0
-0.1211619 0.6804904 0.5186818 1

0.418783 -0.3372839 -0.8431256 0
0.5606884 -0.6343068 0.5322439 0
-0.7143176 -0.6956252 -0.07652573 0
-0.09871115 0.6587573 0.5367011 1

0.1251179 -0.1639217 -0.9785069 0
0.7356378 -0.646443 0.2023567 0
-0.6657197 -0.7451448 0.03970526 0
-0.08175369 0.6392877 0.5553941 1

0.1251179 -0.1639217 -0.9785069 0
0.7356378 -0.646443 0.2023567 0
-0.6657197 -0.7451448 0.03970526 0
-0.06388732 0.6238815 0.565823 1

0.7058181 -0.4156044 -0.5736673 0
0.5992019 -0.08169327 0.7964193 0
-0.3778601 -0.9058693 0.1913704 0
-0.08563578 0.6689671 0.5772825 1

0.7094877 -0.4162644 -0.56864 0
0.5947492 -0.07915085 0.8000057 0
-0.3780222 -0.9057921 0.1914163 0
-0.06644548 0.6663939 0.6029932 1

0.7100401 -0.4162823 -0.567937 0
0.5941468 -0.07870527 0.8004968 0
-0.3779324 -0.9058228 0.1914489 0
-0.04903205 0.6640571 0.6263245 1

0.7100401 -0.4162823 -0.567937 0
0.5941468 -0.07870527 0.8004968 0
-0.3779324 -0.9058228 0.1914489 0
-0.03390466 0.662029 0.6465917 1

0.6935694 -0.4157039 -0.5883469 0
0.648418 0.004404627 0.761272 0
-0.3138725 -0.9094895 0.2726048 0
-0.101853 0.6831319 0.5924852 1

0.6973951 -0.4154661 -0.583976 0
0.643283 0.003655553 0.76562 0
-0.3159545 -0.9096013 0.2698118 0
-0.07923625 0.683306 0.6191069 1

0.7019619 -0.416024 -0.5780775 0
0.5962031 -0.1007597 0.7964858 0
-0.3896042 -0.9037542 0.1773053 0
-0.05817434 0.683371 0.64399 1

0.7019619 -0.416024 -0.5780775 0
0.5962031 -0.1007597 0.7964858 0
-0.3896042 -0.9037542 0.1773053 0
-0.04090098 0.6804761 0.6671895 1

0.7224657 -0.4136328 -0.554032 0
0.5876672 -0.05480631 0.8072447 0
-0.3642673 -0.9087927 0.2034826 0
-0.1172314 0.6919035 0.6056283 1

0.7243 -0.4137019 -0.5515801 0
0.5841581 -0.05676189 0.8096529 0
-0.3662637 -0.9086413 0.2005546 0
-0.09996881 0.6902997 0.6293684 1

0.7237545 -0.4136899 -0.5523044 0
0.576805 -0.07665509 0.8132775 0
-0.3787819 -0.9071848 0.1831389 0
-0.08363141 0.688693 0.6519255 1

0.7237545 -0.4136899 -0.5523044 0
0.576805 -0.07665509 0.8132775 0
-0.3787819 -0.9071848 0.1831389 0
-0.06973781 0.6868587 0.6715748 1

0.7615639 -0.4201267 -0.4934717 0
0.5442812 0.001262821 0.8389021 0
-0.3518221 -0.9074646 0.2296288 0
-0.1388126 0.700252 0.6094934 1

0.7254747 -0.4190855 -0.545943 0
0.5820767 -0.04966518 0.8116159 0
-0.367251 -0.9065874 0.2079091 0
-0.124979 0.7003068 0.6309047 1

0.7290817 -0.4199385 -0.5404554 0
0.5444975 -0.1225547 0.829761 0
-0.4146839 -0.8992398 0.1393031 0
-0.111725 0.699153 0.6492859 1

0.7290817 -0.4199385 -0.5404554 0
0.5444975 -0.1225547 0.829761 0
-0.4146839 -0.8992398 0.1393031 0
-0.1018618 0.6969357 0.6643335 1

-0.1636355 0.8580312 -0.4868329 0
0.9528577 0.009652637 -0.3032641 0
-0.2555107 -0.5135071 -0.819161 0
0.04654801 0.8666756 0.2591179 1

0.3334897 0.2180931 -0.9171807 0
0.9289802 -0.241714 0.2803037 0
-0.160563 -0.9455209 -0.2832134 0
0.1353439 0.8675751 0.230857 1

0.8483465 -0.4484081 0.281494 0
-0.4605977 -0.3628985 0.8100336 0
-0.2610719 -0.8168443 -0.5143994 0
0.3063464 0.8230815 0.282454 1

0.9244636 0.2079391 0.3195754 0
-0.2644746 -0.2540033 0.9303419 0
0.2746279 -0.9445865 -0.1798221 0
0.183399 0.7262129 0.4986765 1

